/*--------------------------------*- C++ -*----------------------------------*\
| =========                 |                                                 |
| \\      /  F ield         | OpenFOAM: The Open Source CFD Toolbox           |
|  \\    /   O peration     | Version:  4.0                                   |
|   \\  /    A nd           | Web:      www.OpenFOAM.org                      |
|    \\/     M anipulation  |                                                 |
\*---------------------------------------------------------------------------*/
FoamFile
{
    version     2.0;
    format      ascii;
    class       volScalarField;
    location    "61";
    object      p;
}
// * * * * * * * * * * * * * * * * * * * * * * * * * * * * * * * * * * * * * //

dimensions      [0 2 -2 0 0 0 0];

internalField   nonuniform List<scalar> 
918
(
0.556867
1.1851
0.00116973
0.5563
-0.0126473
1.15211
-0.508915
0.672521
0.53706
-0.111048
-0.0454498
0.537286
1.01282
0.779859
-1.12431
-0.0100342
0.651758
-0.381979
0.536159
-0.0558693
0.699112
0.543606
0.546631
0.53721
0.59981
0.754343
0.894055
0.0218591
0.00915755
0.00472355
-0.0120321
-0.0393082
-0.0330758
1.03575
1.08685
1.10955
0.504874
0.332475
-0.374109
-0.446261
-0.435371
-0.547295
0.668304
0.666402
-0.207128
0.67596
0.679131
0.524103
0.536428
0.537338
0.538366
0.537346
0.538729
0.404215
-0.112396
-0.144011
-0.0920309
-0.0835224
0.0544308
-0.0466554
-0.0487092
-0.0439685
-0.0434701
0.454119
0.531796
0.528664
0.542322
0.553054
1.12465
1.09656
1.12271
1.03642
1.0529
0.990797
0.963479
0.799718
0.821559
0.766333
0.753036
-1.55672
-2.50905
-0.533931
-0.282954
-0.0105637
-0.00735376
-0.00126457
0.648452
0.649362
0.651314
0.654413
1.08032
-0.378987
-0.480091
0.536298
0.535105
0.543437
0.544137
0.540155
0.539246
-0.0468371
-0.0434849
-0.0472574
-0.0521835
-0.0510209
0.687858
0.688266
0.53774
0.534745
0.560253
0.580485
0.571014
0.278419
0.608338
0.623673
0.585813
0.747533
0.740976
0.749924
0.86759
0.831877
0.931018
0.954088
0.0165883
3.45905e-05
-0.014953
-0.0194544
-0.0182957
0.500713
0.493267
0.520571
0.508302
0.510805
0.249045
0.115477
0.41754
0.442535
-0.292351
-0.357534
-0.429891
-0.459498
-0.567409
0.611581
0.662977
0.66051
-0.218511
-0.146369
-0.278812
-0.0730729
-0.135721
0.514377
0.521384
0.516386
0.53193
0.526398
0.528361
0.540695
0.537767
0.539326
0.466527
0.590271
0.330321
0.295002
-0.244664
-0.159288
-0.245302
-0.071481
-0.0664624
0.0682852
0.0937151
0.0414079
0.029766
-0.0602151
-0.051601
-0.0558342
-0.0426601
-0.0432399
0.446895
0.435727
0.466801
0.474348
0.519119
0.520554
0.525106
0.523024
0.914182
0.936534
0.944199
0.917963
-3.49977
-6.28354
0.0419849
0.178514
-0.00679971
-0.00923752
0.00207405
-0.00570803
0.000464578
-0.0018787
-0.00593654
-0.0073544
-0.00227905
-0.000984905
0.642181
0.643152
1.00216
1.00855
0.978266
0.930968
0.524493
0.52657
0.532077
0.527955
-0.0423253
-0.0430496
-0.0419521
0.682103
0.686664
0.684871
0.240109
0.150766
0.329287
0.358289
0.635669
0.62413
0.634092
0.646184
0.683645
0.961485
0.979757
0.977941
0.986348
1.03034
1.04672
1.01215
0.480172
0.490149
0.485101
0.523681
0.521453
0.522356
0.518182
0.519494
0.517458
-0.0351382
-0.415509
0.490267
0.507393
0.492164
0.495005
0.691738
0.770324
0.654409
0.657749
0.656825
-0.00444545
-0.0627989
0.250448
0.216621
0.386596
0.422916
0.40193
0.885482
0.845861
0.895985
0.86918
0.830419
0.856119
-0.36712
-1.868
-0.986386
0.528635
0.342658
0.430075
0.0115995
-0.00532046
-0.000776363
1.00142
1.07413
0.646106
0.820805
0.823711
0.718369
0.747874
0.805961
0.733964
0.76717
0.799486
0.778128
0.567717
0.503447
0.519378
0.839536
0.895306
0.121115
0.0603269
0.0163177
0.112363
0.16951
0.143645
1.03444
0.949228
1.01954
0.534505
0.535223
-0.00451255
-0.0181465
0.539456
0.53951
-0.0119743
-0.00113498
0.412845
-0.832419
0.101974
0.528021
0.517963
0.535075
-0.0942997
0.355678
-0.0468952
0.0491276
-0.00675728
0.531073
0.465233
0.424392
0.00175859
-0.0184194
-0.0469226
-0.21437
0.532175
0.53048
0.534543
0.535489
0.536167
-0.0175387
-0.0130845
-0.0097456
-0.0445047
-0.0392263
-0.0496182
0.499043
0.518025
-0.170006
0.534689
0.536821
0.536641
0.529889
0.535526
0.533774
-0.00920541
-0.0147774
-0.0171925
0.22102
0.351829
0.652475
0.740264
0.623796
0.399892
0.16471
0.555799
0.618967
0.524771
0.678437
0.659033
0.673116
0.167568
0.01735
0.175922
0.11742
0.52588
0.524588
0.516217
0.513186
0.52994
0.528051
0.532613
0.529627
0.532579
0.533963
-0.0509079
-0.0777408
-0.0878309
-0.156654
0.310396
0.571934
0.253718
0.283907
0.142433
-0.0407613
-0.0406765
-0.0454318
-0.0516421
0.00214536
-0.0217591
0.0440519
0.044602
0.0167187
-0.00934714
-0.00570111
-0.0166183
-0.0124077
0.52471
0.524293
0.528165
0.536773
0.474864
0.478637
0.443533
0.46427
0.44955
0.388402
0.423586
0.398846
-0.00430532
0.00460181
-0.00149973
-0.0159832
-0.0127507
-0.0315751
-0.0283127
-0.024497
-0.0201896
-0.0267567
-0.0416423
-0.0436322
-0.172008
-0.287162
0.988756
0.910492
0.136368
0.521327
0.52778
0.524543
0.529452
0.532581
0.533387
0.531101
0.527651
0.518354
0.519876
0.516725
0.517659
-0.101722
-0.242318
-0.0704991
-0.143969
0.144021
0.627202
0.363728
0.299737
0.294825
0.522756
0.917171
0.70154
0.676186
0.684581
-0.342822
0.046928
-0.278765
0.33646
0.163889
0.652326
0.700546
0.721867
0.670521
0.623829
-0.102995
0.555415
-0.0703769
-0.0188714
0.182093
0.0596882
0.670124
0.645379
0.650118
0.664998
0.680869
0.650801
0.636781
0.632102
0.659967
0.661834
0.487053
0.251831
0.203195
0.164638
0.641908
0.521788
0.57438
0.492558
0.52108
0.523682
0.522318
0.503868
0.511446
0.506972
0.513519
0.517016
0.525653
0.526109
0.521398
0.523531
-0.0567521
-0.0611155
-0.0299108
-0.137422
-0.131294
-0.193634
-0.0627493
0.0754027
0.035951
0.237088
0.341568
0.0525478
-0.0583282
-0.0308762
0.0111964
0.180097
0.207617
0.0744188
0.162561
0.152715
0.134853
0.237152
0.241004
-0.0255815
-0.0290323
-0.0325489
-0.0344213
0.0201155
0.0905917
0.100342
-0.00360724
-0.00966492
-0.0387171
-0.0393793
-0.0215352
-0.0265038
-0.0222726
0.00872354
-0.0515176
-0.0185766
-0.0044492
-0.000607177
-0.0027179
-0.00836432
0.517865
0.520349
0.519966
0.525947
0.540854
0.555488
0.519461
0.497045
0.48784
0.490856
0.463737
0.474077
0.469738
0.483469
0.504594
0.514138
0.511649
0.51448
0.496724
0.498476
0.484979
0.488685
0.463481
0.44434
0.432473
-0.04096
-0.00192294
-0.0100573
-0.0362712
-0.00627685
-0.0184678
-0.00880007
0.0101963
-0.00592507
-0.00775798
-0.018261
-0.0243587
-0.0236256
-0.0738818
0.0125423
-0.183742
-0.219549
-0.29203
0.890714
1.01476
0.810481
0.583601
0.603414
0.846536
0.931236
0.543616
0.735806
0.759061
0.586476
0.853925
0.526165
0.525766
0.523366
0.522845
0.524062
-0.00691372
0.0987199
0.0983337
0.160596
0.275858
0.387693
0.318206
0.19366
0.323989
0.326495
0.620186
0.632121
0.587403
0.611187
0.611145
0.425593
0.501155
0.553253
0.512437
0.564934
0.586147
0.540517
0.573163
0.523328
0.478357
0.474271
0.424708
0.444348
0.420278
0.403302
0.515098
0.493055
0.503428
0.49398
0.513172
0.541103
0.537378
0.56174
0.576539
0.497862
0.452898
0.462302
0.492551
0.453541
0.468805
0.485344
0.231061
0.132797
0.215774
-0.0705185
0.00182192
-0.011162
-0.0595564
-0.00915392
0.275337
-0.416711
-0.392967
-1.02085
0.501838
0.953326
0.608553
0.58174
0.679068
0.66181
0.667032
0.683412
0.685883
0.630462
0.641355
0.645738
0.605671
0.627267
0.646265
0.642946
0.524889
0.385366
0.383394
0.332745
0.202896
0.242172
0.439683
0.363249
0.288115
0.288583
0.457738
0.344554
0.414176
0.448438
0.379939
0.334362
0.537202
0.602424
0.595682
0.569595
0.482508
0.495611
0.519486
0.55359
0.578588
0.609058
0.512947
0.518867
0.520101
0.517579
0.514853
0.51791
0.518151
0.520698
0.521349
0.524341
0.523387
-0.0464316
-0.0340453
-0.0475516
-0.0560232
-0.0202889
-0.0227935
0.0213032
0.00616818
-0.0131471
-0.00771226
-0.0317188
-0.0360872
-0.0318406
-0.0232422
0.0997826
0.11253
0.0961313
0.0563575
0.2506
0.380147
0.454661
0.329899
0.223018
0.246047
0.265932
-0.0121828
0.0140988
0.0010499
0.0404923
0.0323649
-0.0336316
-0.0373019
-0.0347936
-0.0277987
-0.0183535
-0.0350376
-0.0390703
-0.0299741
-0.0350212
-0.0376135
-0.0418505
0.499305
0.492765
0.49448
0.48828
0.486995
0.501437
0.505701
0.507671
0.513202
0.51563
0.505504
0.511284
0.515286
-0.00934412
-0.0323254
-0.0361964
-0.0255931
-0.0282488
-0.0262701
-0.0276604
0.123285
0.0535684
0.058013
0.00992888
-0.121539
-0.0637876
0.490946
0.489801
0.4794
0.720603
0.569899
0.490416
0.587433
0.693151
0.275737
0.472602
0.30749
0.888286
0.784521
0.930933
0.542116
0.244409
0.406636
0.45078
0.263092
0.338307
0.325714
0.214698
0.245612
0.282705
0.381839
0.264541
0.241061
-0.00189156
0.188426
0.300735
0.282576
0.407405
0.468297
0.265383
0.184864
0.140093
0.605068
0.62453
0.638424
0.610798
0.631736
0.579352
0.570584
0.586475
0.594847
0.589953
-0.74892
-0.455436
-1.40177
-0.722992
-0.268687
0.532138
0.502498
0.768603
0.646977
0.687429
0.672717
0.631702
0.600824
0.622944
0.647226
0.344255
0.455174
0.430405
0.435689
0.337784
0.268529
0.566482
0.562757
0.595262
0.61842
0.590712
0.619961
0.510773
0.510494
0.509954
0.506201
0.504473
0.506842
0.0576113
0.0255765
0.063319
0.0442428
0.0210101
0.00850577
-0.0062405
-0.0161438
-0.0234286
-0.023341
-0.00950156
-0.00540741
0.170837
0.108836
0.0290081
0.0585225
-0.00222971
-0.0710551
-0.089756
0.0149296
0.111297
0.101477
0.405142
0.654955
0.474926
0.642443
0.484805
0.540584
0.467961
0.459366
0.48456
0.378914
0.459424
0.244772
-0.262554
-0.171594
0.791853
0.803889
0.580466
0.403662
0.172231
0.352505
0.543311
0.474425
0.510368
0.579473
0.567422
0.0251632
0.0844105
0.366554
0.593467
0.238649
0.229769
0.223484
0.40595
0.325286
)
;

boundaryField
{
    wall-4
    {
        type            zeroGradient;
    }
    velocity-inlet-5
    {
        type            zeroGradient;
    }
    velocity-inlet-6
    {
        type            zeroGradient;
    }
    pressure-outlet-7
    {
        type            fixedValue;
        value           uniform 0;
    }
    wall-8
    {
        type            zeroGradient;
    }
    frontAndBackPlanes
    {
        type            empty;
    }
}


// ************************************************************************* //
