/*--------------------------------*- C++ -*----------------------------------*\
| =========                 |                                                 |
| \\      /  F ield         | OpenFOAM: The Open Source CFD Toolbox           |
|  \\    /   O peration     | Version:  4.0                                   |
|   \\  /    A nd           | Web:      www.OpenFOAM.org                      |
|    \\/     M anipulation  |                                                 |
\*---------------------------------------------------------------------------*/
FoamFile
{
    version     2.0;
    format      ascii;
    class       volScalarField;
    location    "27";
    object      p;
}
// * * * * * * * * * * * * * * * * * * * * * * * * * * * * * * * * * * * * * //

dimensions      [0 2 -2 0 0 0 0];

internalField   nonuniform List<scalar> 
918
(
0.266741
0.929798
0.0226444
0.266024
-0.0147217
0.896873
-0.793062
0.441663
0.246816
-0.372723
-0.39171
0.238478
0.757435
0.524299
-1.4187
-0.257883
0.394796
-0.67184
0.245818
-0.121699
0.486293
0.253463
0.256506
0.247104
0.307952
0.507651
0.638229
-0.00901242
0.0143491
-0.00587659
-0.020398
-0.0824331
-0.109492
0.780498
0.83161
0.854289
0.215613
0.0435749
-0.649467
-0.722677
-0.710892
-0.839591
0.433585
0.437805
-0.456782
0.441769
0.453548
0.234205
0.246166
0.247105
0.248216
0.24713
0.248542
0.141095
-0.377625
-0.409892
-0.354084
-0.345024
-0.187234
-0.377494
-0.357416
-0.403153
-0.392791
0.168782
0.235499
0.232997
0.24346
0.250664
0.869349
0.841238
0.867386
0.781144
0.79762
0.735377
0.707976
0.544381
0.566089
0.510802
0.499556
-1.85995
-2.82918
-0.819302
-0.563217
-0.00712283
-0.270557
-0.279145
0.384511
0.387166
0.394542
0.406948
0.790281
-0.666735
-0.806516
0.245883
0.244673
0.253182
0.253862
0.24987
0.248963
-0.17201
-0.227748
-0.0402343
-0.0934333
-0.0786138
0.472341
0.468809
0.247661
0.244696
0.258294
0.280369
0.270571
0.00825612
0.314921
0.33301
0.325281
0.495286
0.490638
0.498838
0.611626
0.575484
0.675419
0.69853
0.00163362
-0.00119952
-0.245029
-0.144587
-0.185391
0.21166
0.204571
0.229874
0.218885
0.221239
-0.0408866
-0.177307
0.129598
0.153204
-0.558739
-0.623975
-0.730418
-0.744484
-0.852983
0.291087
0.424616
0.425484
-0.474859
-0.393492
-0.534681
-0.319809
-0.384828
0.224656
0.231532
0.22658
0.241904
0.236443
0.238377
0.250443
0.247535
0.249069
0.203015
0.325698
0.0696749
0.0373668
-0.528617
-0.42911
-0.517408
-0.332785
-0.337827
-0.192294
-0.162124
-0.200195
-0.187949
-0.335347
-0.340973
-0.333413
-0.385157
-0.360915
0.161722
0.151128
0.180142
0.187249
0.227328
0.228316
0.23071
0.229317
0.658615
0.680967
0.688617
0.66239
-3.83746
-6.65618
-0.231704
-0.091544
-0.00972324
-0.00310355
-0.00138538
0.000609117
0.00127003
-0.0114049
-0.202364
-0.212975
-0.249422
-0.236264
0.369338
0.370234
0.706874
0.700452
0.692647
0.645782
0.233946
0.236112
0.241665
0.237518
-0.344731
-0.279989
-0.305506
0.450846
0.46098
0.46035
-0.0273718
-0.111879
0.0543465
0.0814402
0.355374
0.338522
0.3542
0.38692
0.424736
0.706033
0.724413
0.722526
0.731065
0.775093
0.791488
0.756899
0.192516
0.201696
0.196834
0.233122
0.230777
0.231733
0.226836
0.22849
0.226133
-0.330771
-0.717714
0.212088
0.230162
0.200314
0.214285
0.366391
0.438385
0.405003
0.414713
0.416363
-0.252893
-0.313455
-0.00101847
-0.0368705
0.106343
0.139849
0.1213
0.629827
0.590369
0.640382
0.613619
0.575027
0.600415
-0.669766
-2.19376
-1.29965
0.266887
0.075988
0.165596
-0.200072
-0.186361
-0.182189
0.688474
0.768437
0.381651
0.541631
0.554366
0.463793
0.494095
0.549065
0.475524
0.509328
0.543735
0.524074
0.251055
0.223607
0.218783
0.508548
0.56472
-0.139484
-0.192108
-0.239821
-0.152789
-0.0910639
-0.11876
0.736168
0.625138
0.70047
0.244417
0.245101
-0.0217882
-0.0507966
0.249205
0.249253
-0.024588
-0.0898496
0.147473
-1.12794
-0.151721
0.2376
0.228058
0.244785
-0.35916
0.0986375
-0.365659
-0.186967
-0.244586
0.236369
0.178034
0.141386
-0.0152451
-0.280748
-0.19199
-0.485494
0.242073
0.240408
0.244276
0.245322
0.245951
-0.042767
-0.0427078
-0.0255247
-0.172675
-0.103091
-0.107817
0.209904
0.226372
-0.445707
0.244463
0.24655
0.24641
0.239489
0.245235
0.243401
-0.178435
-0.124171
-0.240611
-0.0413313
0.0751708
0.397483
0.495998
0.3603
0.132574
-0.107913
0.295734
0.362368
0.263318
0.424184
0.415699
0.431544
-0.0902806
-0.236796
-0.082305
-0.136774
0.235534
0.234161
0.226312
0.223493
0.239701
0.237759
0.242398
0.239279
0.242243
0.243642
-0.318964
-0.342796
-0.357725
-0.419043
0.057021
0.314177
-0.00848425
0.0287938
-0.124486
-0.402
-0.383268
-0.350335
-0.338324
-0.287356
-0.254554
-0.214394
-0.195924
-0.274141
-0.253002
-0.348541
-0.305695
-0.323249
0.230291
0.229338
0.235514
0.242398
0.187235
0.190995
0.158287
0.177177
0.162436
0.108053
0.141197
0.116566
-0.0180651
-0.0192231
-0.00550173
-0.28388
-0.319196
-0.144908
-0.0853198
-0.122314
-0.0864575
-0.094436
-0.287927
-0.299668
-0.446799
-0.563033
0.692151
0.638084
-0.171525
0.231329
0.237696
0.234532
0.239192
0.242327
0.24324
0.240973
0.237557
0.227085
0.228925
0.225081
0.225465
-0.386819
-0.521627
-0.346856
-0.413376
-0.149879
0.346534
0.0882062
0.0286874
0.0240294
0.24044
0.640098
0.439648
0.444391
0.469279
-0.629192
-0.230613
-0.561522
0.0585056
-0.118613
0.394772
0.446008
0.468929
0.415607
0.36638
-0.403733
0.254641
-0.33213
-0.28895
-0.0993867
-0.201858
0.438958
0.399127
0.40381
0.418813
0.43798
0.403042
0.381515
0.378659
0.415239
0.420352
0.213271
-0.0091513
-0.0537973
-0.0912637
0.380847
0.254692
0.311406
0.227001
0.230311
0.233215
0.231713
0.214631
0.221914
0.217714
0.222991
0.226178
0.235468
0.235827
0.231161
0.233574
-0.319271
-0.327182
-0.300576
-0.408271
-0.40082
-0.446924
-0.342758
-0.207787
-0.243869
-0.0510473
0.0589342
-0.231889
-0.348199
-0.31838
-0.28983
-0.106144
-0.0808051
-0.189539
-0.0994914
-0.107441
-0.119485
-0.0170393
-0.0134029
-0.349995
-0.30794
-0.307497
-0.346643
-0.228491
-0.17011
-0.15878
-0.432544
-0.414152
-0.397952
-0.385269
-0.281301
-0.291883
-0.293998
-0.240486
-0.245599
-0.25748
-0.305966
-0.453047
-0.341808
-0.359024
0.225365
0.226814
0.226951
0.23643
0.249159
0.264065
0.229263
0.207937
0.199313
0.20233
0.17753
0.187236
0.182258
0.195313
0.214667
0.221805
0.221288
0.22354
0.20733
0.209247
0.19663
0.199527
0.177235
0.160362
0.149474
-0.146711
-0.0863548
-0.133636
-0.114846
-0.0479513
-0.0750137
-0.309711
-0.308576
-0.324406
-0.315188
-0.305531
-0.201605
-0.206242
-0.359899
-0.285316
-0.47038
-0.502229
-0.571898
0.601756
0.710906
0.529582
0.313628
0.317011
0.546496
0.639493
0.278716
0.452404
0.481093
0.264411
0.527751
0.23615
0.235719
0.233316
0.232752
0.23421
-0.303121
-0.202998
-0.186841
-0.138622
-0.0194133
0.096627
0.000920438
-0.122248
0.015792
0.0245855
0.341607
0.358123
0.302544
0.327723
0.326128
0.153251
0.229257
0.284162
0.238992
0.282359
0.304302
0.265547
0.295346
0.2434
0.201437
0.200212
0.145752
0.166774
0.144381
0.126199
0.225813
0.204536
0.214375
0.20565
0.22532
0.253107
0.247731
0.274584
0.286522
0.210831
0.172224
0.181107
0.208441
0.170713
0.183927
0.198585
-0.0781686
-0.178318
-0.0894902
-0.381287
-0.295112
-0.31115
-0.356851
-0.315891
-0.0291953
-0.729804
-0.701137
-1.33739
0.193748
0.667813
0.395425
0.367144
0.434292
0.41186
0.414715
0.441051
0.447596
0.369977
0.3883
0.391703
0.342767
0.368566
0.393097
0.39052
0.223941
0.105523
0.0968073
0.0579376
-0.0645823
-0.0333596
0.170991
0.0929846
0.0200436
0.02481
0.188694
0.0796851
0.144899
0.182954
0.115796
0.0721792
0.269996
0.337881
0.329549
0.303355
0.218775
0.230982
0.25726
0.29349
0.319904
0.355133
0.223037
0.228613
0.22982
0.227273
0.224735
0.22748
0.227535
0.230068
0.230933
0.233925
0.232885
-0.31808
-0.296097
-0.327348
-0.339305
-0.29324
-0.299942
-0.251487
-0.263652
-0.272775
-0.263785
-0.301218
-0.301351
-0.304917
-0.29124
-0.171731
-0.155027
-0.16578
-0.212576
-0.0380685
0.100128
0.163761
0.0471011
-0.0613005
-0.0314942
-0.0073888
-0.264379
-0.242289
-0.252172
-0.208305
-0.218538
-0.417114
-0.435132
-0.440201
-0.419365
-0.390834
-0.425752
-0.346358
-0.398546
-0.395958
-0.383762
-0.35922
0.209732
0.203271
0.205488
0.199836
0.198471
0.211906
0.215962
0.217431
0.222194
0.223809
0.215479
0.220061
0.223337
-0.403321
-0.312912
-0.363395
-0.438289
-0.352541
-0.284536
-0.324101
-0.180975
-0.250921
-0.245086
-0.287112
-0.410712
-0.353235
0.178554
0.173989
0.189964
0.402956
0.256628
0.174094
0.266824
0.36958
-0.0355387
0.16582
-0.00335538
0.578485
0.46584
0.608929
0.237268
-0.0614229
0.0906122
0.144163
-0.0520117
0.0180579
0.0367824
-0.0741493
-0.0438833
-0.0143738
0.086412
-0.0354869
-0.0641144
-0.310555
-0.126672
0.00272153
-0.0190584
0.116596
0.181465
-0.0512467
-0.12663
-0.169982
0.332264
0.35268
0.371556
0.341267
0.365681
0.287941
0.278656
0.297361
0.306613
0.300579
-1.06519
-0.773071
-1.71611
-1.02517
-0.57627
0.229465
0.185636
0.467884
0.356355
0.428001
0.411096
0.36992
0.334021
0.344669
0.378979
0.0810659
0.190824
0.164684
0.171733
0.0750239
0.00811772
0.306745
0.300304
0.338308
0.362654
0.327806
0.362353
0.220864
0.220384
0.220311
0.217114
0.21514
0.217177
-0.212918
-0.230197
-0.208394
-0.227412
-0.241472
-0.248051
-0.483044
-0.462389
-0.510452
-0.485384
-0.480975
-0.462523
-0.144359
-0.200192
-0.27077
-0.244337
-0.299288
-0.363937
-0.380434
-0.283749
-0.195974
-0.203545
0.0990343
0.351307
0.175983
0.345931
0.18283
0.240447
0.184799
0.179052
0.210774
0.0789745
0.154412
-0.0781065
-0.583587
-0.490256
0.482681
0.503292
0.294036
0.10359
-0.125922
0.0649734
0.253327
0.191699
0.232204
0.300199
0.294116
-0.294412
-0.22429
0.0256818
0.252604
-0.070105
-0.0770206
-0.0817937
0.0864371
0.0125551
)
;

boundaryField
{
    wall-4
    {
        type            zeroGradient;
    }
    velocity-inlet-5
    {
        type            zeroGradient;
    }
    velocity-inlet-6
    {
        type            zeroGradient;
    }
    pressure-outlet-7
    {
        type            fixedValue;
        value           uniform 0;
    }
    wall-8
    {
        type            zeroGradient;
    }
    frontAndBackPlanes
    {
        type            empty;
    }
}


// ************************************************************************* //
