/*--------------------------------*- C++ -*----------------------------------*\
| =========                 |                                                 |
| \\      /  F ield         | OpenFOAM: The Open Source CFD Toolbox           |
|  \\    /   O peration     | Version:  4.0                                   |
|   \\  /    A nd           | Web:      www.OpenFOAM.org                      |
|    \\/     M anipulation  |                                                 |
\*---------------------------------------------------------------------------*/
FoamFile
{
    version     2.0;
    format      ascii;
    class       volScalarField;
    location    "30";
    object      p;
}
// * * * * * * * * * * * * * * * * * * * * * * * * * * * * * * * * * * * * * //

dimensions      [0 2 -2 0 0 0 0];

internalField   nonuniform List<scalar> 
918
(
0.39061
1.04324
0.0120921
0.389861
-0.0353494
1.01031
-0.669515
0.563
0.370699
-0.251387
-0.209628
0.36375
0.870769
0.637236
-1.29614
-0.116179
0.514767
-0.547864
0.369689
-0.249435
0.597702
0.377333
0.380373
0.370969
0.430754
0.619682
0.751486
-0.0488082
0.00293764
-0.0432893
-0.0919262
-0.176661
-0.20931
0.893947
0.945041
0.967719
0.339358
0.166495
-0.527642
-0.599645
-0.590929
-0.717819
0.555143
0.558105
-0.334377
0.563007
0.57364
0.358026
0.370062
0.370973
0.372087
0.371014
0.372424
0.255977
-0.259804
-0.287149
-0.229608
-0.224257
-0.0689897
-0.20063
-0.202385
-0.21805
-0.232207
0.291769
0.360348
0.357639
0.368429
0.375493
0.982788
0.954699
0.980845
0.894505
0.91103
0.848737
0.821349
0.657648
0.679257
0.622806
0.612005
-1.73485
-2.6994
-0.699203
-0.44428
-0.0259744
-0.0723112
-0.079424
0.504737
0.506207
0.515166
0.527307
0.911803
-0.544902
-0.677242
0.369817
0.368604
0.377015
0.377697
0.373705
0.372798
-0.277165
-0.277067
-0.113477
-0.236607
-0.195714
0.58561
0.584254
0.37152
0.36855
0.38315
0.403317
0.395242
0.127893
0.436596
0.452887
0.439467
0.608669
0.603192
0.611789
0.724899
0.688448
0.788809
0.811935
-0.0265888
-0.0184709
-0.144965
-0.197327
-0.189791
0.33534
0.328162
0.35369
0.34268
0.345075
0.0815791
-0.054572
0.253141
0.278197
-0.436847
-0.501141
-0.605967
-0.622727
-0.735171
0.426665
0.544095
0.544597
-0.353702
-0.272861
-0.412329
-0.19918
-0.262143
0.348539
0.355343
0.350442
0.36575
0.360271
0.362197
0.374287
0.371385
0.372928
0.318984
0.440705
0.18201
0.149846
-0.406661
-0.308425
-0.403366
-0.215387
-0.210379
-0.0640761
-0.0438703
-0.0780523
-0.0807567
-0.204877
-0.204478
-0.205714
-0.250239
-0.257993
0.284544
0.273809
0.303479
0.310539
0.351431
0.352383
0.355229
0.353798
0.772089
0.794372
0.801998
0.775846
-3.7027
-6.51128
-0.114313
0.0250391
-0.0631153
-0.053572
-0.0317594
-0.0591527
-0.0221085
-0.0118271
-0.062197
-0.0774549
-0.0300277
-0.0668658
0.490267
0.490606
0.828041
0.823293
0.813494
0.763841
0.357815
0.359974
0.36554
0.36139
-0.278506
-0.279474
-0.278486
0.571466
0.578977
0.578942
0.0921995
0.00851754
0.174875
0.202013
0.475858
0.458595
0.47338
0.500455
0.537607
0.819407
0.83773
0.835901
0.844434
0.888531
0.904984
0.870279
0.31596
0.325253
0.320488
0.356973
0.354629
0.355591
0.350759
0.352445
0.350132
-0.20746
-0.592738
0.338032
0.353956
0.326928
0.337475
0.502217
0.573119
0.526321
0.534446
0.535817
-0.132815
-0.191442
0.107036
0.0792596
0.227709
0.262072
0.242405
0.743169
0.703836
0.753823
0.727098
0.688616
0.713921
-0.54478
-2.06201
-1.17163
0.381375
0.191512
0.28041
-0.091994
-0.0868592
-0.078305
0.813243
0.892941
0.497116
0.658876
0.670926
0.577271
0.607502
0.661618
0.587764
0.621844
0.656657
0.637888
0.384899
0.349489
0.348128
0.641329
0.696834
-0.0187674
-0.0720381
-0.117461
-0.0268998
0.0328385
0.0038227
0.860743
0.755209
0.8286
0.368277
0.368959
-0.105357
-0.149892
0.37305
0.373062
-0.114424
-0.233308
0.26277
-1.00554
-0.0309115
0.361466
0.351886
0.368699
-0.24278
0.214071
-0.187543
-0.0727257
-0.11436
0.361468
0.301142
0.263197
-0.152839
-0.159514
-0.289991
-0.367058
0.365945
0.364267
0.368167
0.369198
0.36984
-0.183732
-0.170483
-0.128385
-0.324363
-0.226124
-0.255813
0.333696
0.350296
-0.322222
0.368309
0.370432
0.370255
0.363395
0.369044
0.367296
-0.193958
-0.22247
-0.235485
0.0782757
0.194923
0.511062
0.60775
0.475206
0.248337
0.0092748
0.410223
0.476341
0.378052
0.537574
0.536797
0.553516
0.0310231
-0.116102
0.0398771
-0.0157871
0.35936
0.358004
0.350155
0.347308
0.363579
0.361672
0.366246
0.363181
0.36612
0.367559
-0.197075
-0.212923
-0.238758
-0.297192
0.174223
0.432301
0.105446
0.134523
0.0123298
-0.195614
-0.203809
-0.182542
-0.199058
-0.123776
-0.135567
-0.0862965
-0.0726407
-0.105083
-0.106819
-0.129098
-0.144133
-0.157449
0.355188
0.354121
0.360298
0.367574
0.310226
0.314312
0.280867
0.30028
0.286103
0.228889
0.262668
0.237594
-0.111133
-0.180669
-0.0969825
-0.171658
-0.109739
-0.304948
-0.276945
-0.361717
-0.253882
-0.250715
-0.305917
-0.296784
-0.327368
-0.440936
0.813931
0.756868
-0.0497678
0.355218
0.361566
0.358413
0.363082
0.366206
0.367114
0.364863
0.361393
0.350943
0.352778
0.349096
0.349495
-0.262774
-0.399734
-0.223565
-0.29077
-0.0257239
0.468297
0.208413
0.149482
0.143655
0.36239
0.757607
0.554885
0.554735
0.578664
-0.509197
-0.112539
-0.442218
0.176163
-0.000921452
0.508447
0.5597
0.582857
0.529322
0.480396
-0.278961
0.380378
-0.209987
-0.166068
0.0251592
-0.0806547
0.554203
0.519397
0.524012
0.540887
0.559647
0.524951
0.502928
0.498559
0.537565
0.543368
0.336013
0.110793
0.0662694
0.0282627
0.503093
0.37767
0.436019
0.349891
0.354187
0.357063
0.35562
0.33847
0.345594
0.341426
0.346895
0.350045
0.359313
0.359632
0.355105
0.357333
-0.200088
-0.208463
-0.178334
-0.291304
-0.280733
-0.334103
-0.221743
-0.0873936
-0.119989
0.0679746
0.174561
-0.113925
-0.228084
-0.198024
-0.169423
0.0135144
0.0386636
-0.0669311
0.0271552
0.00516204
-0.00759322
0.0916729
0.101038
-0.184482
-0.167099
-0.180823
-0.180196
-0.101004
-0.0393147
-0.0262322
-0.178882
-0.131244
-0.212517
-0.23422
-0.182975
-0.172038
-0.164889
-0.135684
-0.30082
-0.217683
-0.206993
-0.205213
-0.155209
-0.168417
0.349453
0.35108
0.351033
0.358767
0.373697
0.388368
0.351882
0.331763
0.323093
0.325928
0.300421
0.310029
0.30638
0.318712
0.338365
0.346347
0.345102
0.347565
0.330875
0.332569
0.320069
0.323121
0.300517
0.282743
0.271553
-0.279894
-0.232786
-0.28331
-0.209632
-0.161591
-0.17707
-0.117053
-0.160241
-0.145744
-0.126762
-0.107405
-0.393932
-0.361214
-0.239437
-0.163235
-0.346453
-0.378363
-0.447097
0.721537
0.835325
0.648475
0.428966
0.434337
0.669302
0.759718
0.397009
0.569098
0.598211
0.398877
0.658129
0.359952
0.359564
0.357232
0.356674
0.357926
-0.177389
-0.0780446
-0.0652099
-0.0128493
0.105783
0.220938
0.131465
0.00521138
0.140748
0.147738
0.462768
0.47924
0.42474
0.449408
0.447101
0.274762
0.351828
0.406895
0.360584
0.405238
0.427487
0.388487
0.418816
0.365344
0.323154
0.321921
0.267369
0.288414
0.266012
0.248136
0.3495
0.327731
0.33795
0.328623
0.348111
0.375237
0.369565
0.396093
0.407716
0.334021
0.29449
0.303882
0.331656
0.293011
0.306058
0.321367
0.05346
-0.0475445
0.0397347
-0.252233
-0.170323
-0.186178
-0.232545
-0.187773
0.0987485
-0.600365
-0.573785
-1.20778
0.321121
0.788079
0.509181
0.479982
0.555004
0.533058
0.535746
0.559733
0.566841
0.492701
0.509884
0.514372
0.467626
0.491279
0.514617
0.512732
0.351109
0.228007
0.219168
0.180058
0.0569935
0.0895608
0.293167
0.214871
0.142276
0.147408
0.310389
0.20071
0.266325
0.304532
0.236251
0.192065
0.392727
0.460116
0.451033
0.425737
0.34186
0.3539
0.379943
0.415304
0.442234
0.475457
0.346818
0.352526
0.353833
0.351439
0.348521
0.351357
0.351432
0.353949
0.354837
0.357773
0.356732
-0.196264
-0.184168
-0.19703
-0.204504
-0.17424
-0.180895
-0.132236
-0.139616
-0.157671
-0.15091
-0.180875
-0.183591
-0.176355
-0.168841
-0.0543647
-0.0389264
-0.0485585
-0.0936116
0.0815245
0.215928
0.27869
0.161624
0.0539951
0.0815983
0.109062
-0.168197
-0.111705
-0.131238
-0.095563
-0.112661
-0.211932
-0.235008
-0.237267
-0.157335
-0.188856
-0.277835
-0.305053
-0.293533
-0.283225
-0.247353
-0.280496
0.334083
0.327759
0.328601
0.322953
0.321901
0.335152
0.339293
0.341023
0.34617
0.347863
0.338776
0.344008
0.347335
-0.289419
-0.370268
-0.336333
-0.280311
-0.337946
-0.400547
-0.341096
-0.0546604
-0.127892
-0.122095
-0.163881
-0.285471
-0.230999
0.308254
0.307374
0.318465
0.533127
0.386203
0.30566
0.401293
0.50471
0.0912854
0.29168
0.122713
0.704752
0.594522
0.738432
0.362244
0.0676245
0.222167
0.271887
0.0808197
0.152934
0.159797
0.0487772
0.0812628
0.111714
0.210844
0.0912555
0.0653231
-0.179522
0.00586896
0.128384
0.10816
0.241064
0.30598
0.0786051
0.00285526
-0.0421481
0.454389
0.474499
0.493153
0.462864
0.487794
0.409927
0.40154
0.41984
0.42815
0.422003
-0.935513
-0.642753
-1.58804
-0.90197
-0.451026
0.353377
0.316192
0.588372
0.47959
0.545636
0.531083
0.491594
0.457033
0.4687
0.501375
0.203282
0.313236
0.287128
0.294149
0.196947
0.130576
0.428859
0.422092
0.460153
0.483863
0.449521
0.483473
0.344633
0.344247
0.343764
0.340516
0.338985
0.340973
-0.0841309
-0.117656
-0.087788
-0.107121
-0.131186
-0.13948
-0.237828
-0.256173
-0.256533
-0.275353
-0.275411
-0.228798
-0.0165293
-0.0725682
-0.146566
-0.117858
-0.175052
-0.237201
-0.256813
-0.158883
-0.0708726
-0.0782338
0.224164
0.475172
0.299014
0.467924
0.305746
0.36182
0.310374
0.301988
0.332798
0.206946
0.283134
0.0532232
-0.452352
-0.360389
0.605434
0.624593
0.411502
0.224809
-0.00556086
0.182339
0.378921
0.317195
0.356565
0.424877
0.41782
-0.162689
-0.0960149
0.166503
0.394477
0.0600063
0.0517114
0.0469504
0.221578
0.145288
)
;

boundaryField
{
    wall-4
    {
        type            zeroGradient;
    }
    velocity-inlet-5
    {
        type            zeroGradient;
    }
    velocity-inlet-6
    {
        type            zeroGradient;
    }
    pressure-outlet-7
    {
        type            fixedValue;
        value           uniform 0;
    }
    wall-8
    {
        type            zeroGradient;
    }
    frontAndBackPlanes
    {
        type            empty;
    }
}


// ************************************************************************* //
